Jaccard Classifier
---------------------
Sets of size k:
[437, 1886, 1715, 1790, 1840, 469, 1197, 154, 1891, 980, 13, 1182, 1207, 1050, 1802, 1220, 1500, 1985, 596, 1952, 1745, 1221, 639, 463, 419, 1485, 605, 830, 1627, 1251, 1977, 1454, 344, 488, 207, 1753, 569, 1339, 1364, 744, 976, 793, 199, 357, 1432, 1509, 1914, 395, 202, 1598, 810, 1079, 1659, 1650, 92, 1535, 306, 767, 1190, 1386, 507, 1703, 1899, 715]
startIndex:0
endIndex:20
seed:17
Accuracy:
90.234375
Sets of size k:
[1504, 243, 1266, 1890, 313, 1378, 264, 1023, 1216, 1144, 1619, 452, 1906, 105, 1932, 717, 388, 1586, 548, 1703, 1967, 729, 426, 1899, 960, 121, 150, 1285, 1947, 994, 657, 528, 1531, 1756, 775, 239, 560, 993, 300, 1695, 225, 1421, 914, 1672, 318, 1077, 276, 649, 848, 1723, 287, 1033, 1709, 889, 1714, 73, 28, 1002, 344, 1465, 246, 796, 1229, 1693]
startIndex:0
endIndex:21
seed:5
Accuracy:
79.6875
*****Shift The Training Window*****
Re-training Days List:
[21]
Sets of size k:
[779, 900, 1726, 1917, 1853, 1469, 1187, 1028, 555, 114, 699, 826, 835, 1475, 1946, 1800, 1805, 1300, 754, 617, 1597, 1434, 1217, 396, 648, 861, 1707, 1005, 1176, 1565, 955, 1812, 985, 197, 229, 1968, 1186, 83, 1959, 756, 1924, 1080, 948, 68, 183, 1969, 372, 420, 963, 1139, 502, 1722, 186, 369, 676, 1948, 852, 1029, 376, 657, 667, 1478, 823, 1285]
startIndex:22
endIndex:42
seed:34
Accuracy:
82.03125
*****Shift The Training Window*****
Re-training Days List:
[21, 42]
Sets of size k:
[904, 1758, 1855, 1807, 972, 622, 1797, 1191, 956, 1845, 1823, 320, 877, 463, 1193, 1062, 1662, 1195, 25, 1832, 678, 440, 1555, 1036, 868, 1267, 1478, 1361, 504, 782, 85, 395, 801, 1317, 1055, 819, 528, 771, 1640, 349, 848, 716, 277, 1648, 1424, 589, 1829, 1231, 973, 30, 1718, 268, 311, 102, 1227, 1626, 1232, 165, 47, 725, 1765, 1779, 995, 351]
startIndex:43
endIndex:63
seed:59
Accuracy:
85.9375
Sets of size k:
[344, 1927, 510, 356, 1460, 1747, 981, 552, 1771, 840, 22, 1426, 378, 985, 1567, 1819, 780, 656, 1722, 1104, 606, 1325, 1516, 879, 1304, 842, 838, 93, 1080, 1682, 1388, 1360, 118, 655, 2, 1151, 1804, 648, 1573, 1868, 795, 1974, 1209, 936, 415, 695, 1336, 182, 1662, 300, 1220, 1908, 1669, 153, 1259, 160, 544, 895, 1984, 1637, 1187, 284, 591, 1345]
startIndex:43
endIndex:64
seed:49
Accuracy:
90.625
Sets of size k:
[947, 22, 771, 1006, 1675, 1869, 247, 955, 989, 806, 1801, 1918, 1954, 860, 1209, 1614, 1376, 1430, 1012, 272, 1901, 1746, 533, 386, 576, 1301, 1554, 180, 1350, 763, 814, 940, 1831, 1142, 844, 1931, 1218, 1381, 1661, 266, 548, 874, 144, 1444, 1344, 1253, 298, 1569, 448, 339, 1927, 215, 1215, 1072, 633, 232, 1367, 1335, 83, 713, 1516, 1025, 1644, 396]
startIndex:43
endIndex:65
seed:45
Accuracy:
93.359375
Sets of size k:
[255, 58, 1491, 897, 633, 1570, 1967, 1499, 212, 586, 169, 810, 1889, 1418, 1569, 1353, 1513, 887, 1119, 1068, 1676, 1680, 1204, 453, 1791, 1240, 608, 1477, 1442, 492, 1164, 1475, 97, 692, 1085, 706, 1790, 1160, 995, 1611, 1264, 262, 1417, 7, 900, 240, 225, 536, 483, 1462, 1825, 95, 1167, 947, 1480, 736, 588, 1439, 431, 435, 683, 532, 570, 886]
startIndex:43
endIndex:66
seed:53
Accuracy:
81.25
*****Shift The Training Window*****
Re-training Days List:
[21, 42, 66]
Sets of size k:
[1216, 1505, 1344, 1825, 1856, 161, 141, 276, 720, 456, 800, 1817, 176, 1192, 995, 575, 638, 1857, 1810, 1729, 787, 1200, 84, 886, 973, 1412, 566, 375, 1943, 407, 389, 1808, 906, 1356, 903, 1493, 1112, 1424, 1647, 478, 1902, 1327, 68, 709, 1480, 1638, 1716, 739, 1768, 974, 587, 185, 761, 548, 1609, 1339, 473, 1574, 372, 1282, 713, 1926, 751, 1331]
startIndex:67
endIndex:87
seed:78
Accuracy:
91.015625
Sets of size k:
[395, 1586, 1081, 623, 1344, 361, 36, 1684, 1562, 400, 1602, 1849, 1038, 496, 1326, 711, 1361, 349, 733, 946, 933, 1668, 255, 481, 829, 773, 101, 1990, 1522, 1910, 621, 1597, 697, 507, 852, 526, 873, 667, 1761, 975, 1435, 1232, 444, 1382, 303, 1160, 59, 1971, 1859, 1337, 760, 1961, 671, 843, 223, 1611, 1055, 694, 1745, 536, 1688, 596, 455, 1629]
startIndex:67
endIndex:88
seed:73
Accuracy:
89.0625
Sets of size k:
[574, 1867, 529, 1861, 870, 711, 862, 612, 748, 278, 1356, 547, 1388, 1393, 1181, 576, 717, 1544, 877, 1200, 1889, 195, 236, 1860, 847, 1354, 213, 72, 202, 88, 590, 499, 1769, 223, 1690, 705, 632, 1098, 676, 764, 594, 1126, 1673, 885, 251, 407, 1422, 1137, 1905, 1742, 1876, 1939, 1026, 1987, 1530, 669, 1971, 668, 1099, 1695, 1711, 1995, 589, 1770]
startIndex:67
endIndex:89
seed:73
Accuracy:
94.53125
Sets of size k:
[1574, 698, 1750, 1870, 849, 53, 841, 1455, 616, 731, 1827, 1153, 1560, 1985, 792, 1998, 1412, 1135, 526, 1397, 1994, 26, 1069, 219, 1268, 651, 853, 1418, 447, 340, 480, 300, 755, 114, 12, 1682, 1945, 902, 1946, 1804, 1591, 1683, 1183, 1158, 359, 571, 1195, 527, 1385, 1807, 129, 804, 674, 1650, 834, 901, 334, 1012, 627, 1082, 744, 598, 1561, 1848]
startIndex:67
endIndex:90
seed:79
Accuracy:
83.203125
*****Shift The Training Window*****
Re-training Days List:
[21, 42, 66, 90]
Sets of size k:
[468, 1840, 437, 924, 211, 134, 967, 612, 171, 1038, 531, 1008, 1663, 1125, 178, 160, 980, 611, 12, 7, 1462, 1266, 346, 1640, 1665, 894, 652, 367, 254, 1614, 1994, 1611, 148, 1507, 1837, 1997, 1145, 105, 108, 1203, 1508, 431, 33, 1061, 1744, 617, 1532, 1094, 472, 1970, 179, 590, 1258, 898, 1681, 1938, 18, 1483, 510, 913, 293, 1374, 36, 885]
startIndex:91
endIndex:111
seed:98
Accuracy:
88.28125
Sets of size k:
[1785, 1985, 1845, 1475, 1220, 371, 1182, 1114, 533, 229, 940, 325, 1104, 113, 1957, 1823, 582, 473, 419, 1086, 1118, 1049, 1420, 1955, 1312, 1253, 785, 599, 831, 448, 1433, 1419, 389, 932, 1697, 853, 1151, 634, 1340, 1806, 44, 1380, 1587, 314, 197, 470, 156, 522, 1265, 561, 974, 829, 1386, 1991, 177, 1569, 1677, 1836, 1223, 451, 1094, 1762, 21, 516]
startIndex:91
endIndex:112
seed:100
Accuracy:
85.15625
Sets of size k:
[1634, 381, 689, 204, 65, 901, 690, 1673, 9, 1802, 1206, 1788, 1906, 1162, 1327, 570, 140, 86, 1121, 1720, 397, 809, 104, 1197, 1003, 925, 863, 1791, 160, 1860, 966, 1655, 1793, 881, 1712, 106, 1078, 1662, 136, 325, 542, 845, 993, 1394, 1882, 388, 1188, 1027, 416, 767, 1409, 1475, 504, 1137, 1640, 1110, 1267, 1097, 1930, 1425, 800, 36, 882, 1274]
startIndex:91
endIndex:113
seed:98
Accuracy:
87.5
Sets of size k:
[72, 143, 857, 63, 1673, 1220, 1782, 1868, 1106, 1268, 793, 1774, 1971, 354, 392, 1451, 297, 1073, 1931, 54, 1304, 684, 607, 1010, 602, 284, 1871, 94, 1726, 353, 1580, 1616, 675, 887, 584, 613, 116, 1764, 1070, 962, 1032, 1049, 1068, 1265, 997, 1619, 1034, 295, 610, 1684, 852, 359, 1654, 569, 1803, 255, 1024, 515, 153, 20, 1356, 1180, 1805, 346]
startIndex:91
endIndex:114
seed:102
Accuracy:
86.71875
Sets of size k:
[1442, 944, 435, 638, 641, 1682, 37, 83, 1303, 134, 312, 384, 1657, 568, 481, 868, 1435, 636, 306, 400, 99, 493, 311, 687, 1164, 497, 433, 936, 1040, 615, 1366, 934, 691, 1367, 28, 1259, 1891, 1636, 206, 1368, 679, 1530, 84, 1794, 573, 59, 187, 278, 27, 1885, 394, 423, 1431, 903, 1502, 456, 1583, 1675, 1821, 968, 291, 1738, 1916, 116]
startIndex:91
endIndex:115
seed:105
Accuracy:
80.859375
*****Shift The Training Window*****
Re-training Days List:
[21, 42, 66, 90, 115]
Sets of size k:
[1533, 716, 867, 1081, 40, 1173, 243, 1099, 740, 798, 73, 417, 1548, 1090, 176, 38, 1895, 423, 172, 458, 748, 1547, 1128, 373, 893, 453, 1780, 675, 309, 1835, 833, 1067, 440, 1580, 393, 1933, 1567, 1611, 435, 669, 751, 1556, 1179, 568, 17, 473, 847, 495, 1071, 1765, 1665, 314, 202, 101, 222, 1981, 1935, 8, 1990, 1752, 1638, 1590, 1129, 1452]
startIndex:116
endIndex:136
seed:122
Accuracy:
84.765625
*****Shift The Training Window*****
Re-training Days List:
[21, 42, 66, 90, 115, 136]
Sets of size k:
[1053, 756, 1355, 1402, 513, 1836, 1067, 1323, 779, 95, 422, 45, 242, 1990, 1155, 1647, 690, 1403, 925, 22, 1730, 432, 747, 1307, 759, 1236, 153, 217, 840, 1968, 481, 77, 1483, 983, 936, 1072, 383, 583, 918, 504, 1562, 516, 810, 1357, 553, 1657, 224, 260, 1552, 1407, 43, 537, 1609, 479, 1459, 1216, 1427, 967, 522, 1734, 722, 799, 1549, 1322]
startIndex:137
endIndex:157
seed:150
Accuracy:
90.234375
Sets of size k:
[13, 612, 1412, 505, 1231, 1857, 856, 1158, 1060, 915, 1593, 357, 1228, 1200, 696, 1075, 453, 1079, 1996, 1945, 394, 642, 1448, 675, 1345, 1386, 117, 1069, 478, 1642, 154, 1690, 949, 98, 1751, 1665, 1552, 265, 652, 570, 244, 647, 1324, 1585, 1771, 994, 441, 186, 1335, 1159, 261, 740, 1670, 1731, 1383, 1425, 1558, 1533, 493, 927, 1208, 210, 28, 694]
startIndex:137
endIndex:158
seed:146
Accuracy:
77.34375
*****Shift The Training Window*****
Re-training Days List:
[21, 42, 66, 90, 115, 136, 158]
Average Re-training Time Period for Model2:
22
