VNGPlusPlus Classifier
---------------------
Sets of size k:
[1087, 626, 1786, 435, 1451, 51, 762, 1139, 673, 1858, 745, 7, 1418, 1425, 890, 549, 1494, 1168, 539, 728, 311, 26, 1198, 1033, 763, 439, 11, 201, 1259, 1262, 1922, 1440, 1483, 306, 1878, 649, 1444, 1563, 1294, 962, 536, 1486, 1976, 1361, 810, 813, 1668, 1407, 256, 1372, 1448, 1691, 949, 1659, 1013, 1254, 1136, 1187, 107, 898, 1597, 1173, 392, 632]
startIndex:0
endIndex:20
seed:20
Accuracy:
89.4941634241
Sets of size k:
[38, 1966, 1051, 1577, 276, 1642, 487, 1529, 736, 1264, 1622, 981, 314, 819, 42, 167, 290, 986, 1930, 781, 1784, 1927, 1000, 958, 1072, 929, 1857, 609, 292, 127, 1073, 1944, 1963, 388, 1199, 198, 1936, 398, 56, 868, 150, 1165, 882, 1885, 1405, 43, 1207, 910, 1830, 1007, 739, 1067, 386, 990, 1065, 1035, 1415, 486, 1829, 332, 1960, 364, 1600, 588]
startIndex:0
endIndex:21
seed:13
Accuracy:
78.5992217899
*****Shift The Training Window*****
Re-training Days List:
[21]
Sets of size k:
[1209, 29, 1671, 1080, 1122, 1368, 1257, 862, 1096, 216, 1387, 1077, 574, 508, 950, 816, 124, 161, 1714, 643, 41, 1296, 1541, 1822, 1571, 149, 254, 1772, 260, 80, 1440, 1567, 742, 1987, 1008, 255, 999, 958, 1904, 112, 229, 743, 1502, 670, 385, 1250, 737, 1808, 1627, 933, 1405, 263, 662, 1614, 190, 1293, 301, 973, 955, 968, 1005, 1089, 969, 499]
startIndex:22
endIndex:42
seed:30
Accuracy:
89.1050583658
Sets of size k:
[719, 1132, 170, 945, 157, 1656, 1211, 1640, 1682, 1516, 368, 558, 214, 1183, 1629, 540, 525, 1768, 1247, 312, 754, 136, 1445, 210, 1647, 1397, 468, 837, 1492, 1372, 1987, 845, 756, 156, 270, 94, 646, 128, 1983, 726, 1611, 960, 449, 1944, 1110, 1760, 1852, 1911, 1283, 1422, 1025, 319, 1021, 8, 73, 64, 240, 305, 158, 490, 963, 334, 1356, 1312]
startIndex:22
endIndex:43
seed:27
Accuracy:
94.1634241245
Sets of size k:
[39, 1766, 1019, 556, 1226, 44, 1349, 619, 777, 927, 558, 1689, 1914, 930, 1639, 933, 1095, 1433, 1588, 760, 1432, 259, 1408, 1389, 576, 1311, 822, 1211, 1474, 831, 1775, 891, 300, 1460, 357, 1820, 247, 1903, 334, 935, 418, 1598, 1218, 917, 2, 1154, 1207, 1673, 1199, 461, 1840, 1823, 1107, 864, 188, 1603, 795, 907, 198, 21, 1770, 476, 1575, 1299]
startIndex:22
endIndex:44
seed:40
Accuracy:
83.2684824903
*****Shift The Training Window*****
Re-training Days List:
[21, 44]
Sets of size k:
[1182, 1266, 1618, 1544, 1589, 1706, 839, 1520, 1196, 357, 1344, 1560, 1387, 258, 1976, 35, 1720, 1285, 545, 1424, 1203, 351, 1268, 1831, 275, 1052, 1090, 1546, 117, 1219, 820, 471, 1340, 981, 995, 1429, 60, 910, 1208, 94, 1805, 1887, 1541, 1885, 392, 1523, 516, 1806, 1879, 465, 306, 1577, 1624, 1048, 1139, 747, 679, 37, 634, 1333, 129, 1617, 690, 897]
startIndex:45
endIndex:65
seed:63
Accuracy:
80.9338521401
*****Shift The Training Window*****
Re-training Days List:
[21, 44, 65]
Sets of size k:
[1310, 197, 1689, 559, 855, 1714, 1344, 908, 1441, 1794, 701, 1679, 1979, 1376, 186, 1884, 1279, 491, 1262, 1250, 1625, 841, 938, 1992, 1236, 807, 1362, 1990, 123, 1718, 469, 1170, 1968, 264, 595, 44, 1448, 274, 1108, 556, 1789, 929, 1952, 712, 553, 1561, 57, 1560, 761, 1986, 821, 85, 1810, 1412, 870, 148, 253, 746, 1286, 167, 691, 34, 1238, 1909]
startIndex:66
endIndex:86
seed:70
Accuracy:
86.3813229572
Sets of size k:
[1333, 329, 1063, 310, 921, 1458, 160, 124, 1669, 969, 1944, 551, 1940, 1967, 94, 1945, 1307, 1979, 1911, 1576, 485, 517, 572, 350, 875, 1513, 233, 1566, 201, 1287, 1757, 911, 1098, 1395, 858, 324, 1481, 1813, 876, 406, 1512, 525, 1984, 1143, 1855, 966, 682, 2, 861, 715, 1036, 1372, 1510, 1349, 1399, 774, 983, 300, 356, 1483, 1674, 1756, 634, 733]
startIndex:66
endIndex:87
seed:84
Accuracy:
79.3774319066
*****Shift The Training Window*****
Re-training Days List:
[21, 44, 65, 87]
Sets of size k:
[1094, 411, 956, 1590, 471, 1484, 1854, 1229, 1736, 1070, 935, 64, 711, 1031, 468, 1095, 1336, 808, 422, 701, 1552, 556, 283, 1099, 1112, 1142, 416, 1364, 609, 11, 50, 1071, 548, 691, 1677, 732, 1232, 402, 482, 863, 1803, 1686, 1653, 1735, 1155, 712, 1424, 1456, 529, 1761, 1365, 151, 484, 1144, 1446, 896, 1292, 172, 196, 771, 562, 1387, 1857, 256]
startIndex:88
endIndex:108
seed:92
Accuracy:
88.7159533074
Sets of size k:
[105, 204, 54, 737, 966, 2, 896, 880, 1512, 432, 158, 248, 1632, 608, 1986, 596, 1481, 1089, 604, 210, 367, 600, 851, 1206, 1060, 870, 1031, 663, 1554, 1880, 534, 583, 1337, 839, 470, 1718, 360, 1487, 86, 1405, 786, 1129, 1870, 1354, 594, 693, 64, 407, 40, 740, 1263, 947, 23, 430, 1282, 1711, 1815, 1878, 3, 563, 1758, 804, 1792, 1496]
startIndex:88
endIndex:109
seed:108
Accuracy:
81.3229571984
*****Shift The Training Window*****
Re-training Days List:
[21, 44, 65, 87, 109]
Sets of size k:
[668, 655, 52, 433, 1251, 351, 119, 1641, 1100, 1282, 1240, 1639, 271, 644, 233, 1077, 1432, 1284, 797, 543, 1772, 1453, 1175, 1780, 577, 607, 1588, 860, 58, 1874, 309, 389, 1811, 1340, 1685, 1982, 917, 1933, 1291, 1937, 97, 243, 362, 575, 807, 938, 347, 329, 478, 516, 1663, 1132, 127, 916, 1688, 137, 1166, 1912, 1401, 291, 1797, 759, 1896, 487]
startIndex:110
endIndex:130
seed:119
Accuracy:
81.7120622568
*****Shift The Training Window*****
Re-training Days List:
[21, 44, 65, 87, 109, 130]
Sets of size k:
[1166, 1445, 299, 271, 423, 556, 1840, 943, 889, 1029, 525, 669, 1923, 27, 377, 245, 1710, 1789, 391, 1245, 3, 1172, 172, 1295, 1558, 548, 170, 255, 1216, 1052, 1630, 1239, 1447, 1995, 407, 1972, 976, 1654, 571, 872, 231, 1051, 1729, 1517, 662, 156, 385, 1876, 1926, 80, 340, 1183, 462, 432, 33, 1611, 1112, 512, 446, 837, 1485, 1567, 1530, 1814]
startIndex:131
endIndex:151
seed:137
Accuracy:
80.1556420233
*****Shift The Training Window*****
Re-training Days List:
[21, 44, 65, 87, 109, 130, 151]
Average Re-training Time Period for Model3:
21
