Liberatore Classifier
---------------------
Sets of size k:
[212, 1567, 1208, 1257, 428, 1842, 620, 1258, 1753, 764, 617, 576, 187, 102, 84, 1713, 1902, 1294, 550, 1580, 1810, 391, 1693, 655, 886, 976, 1424, 1489, 907, 1563, 352, 605, 116, 1515, 751, 1247, 298, 802, 587, 207, 1445, 1127, 1927, 34, 208, 1657, 113, 1793, 1834, 87, 698, 105, 1883, 1913, 1300, 410, 737, 36, 1841, 1550, 1628, 926, 1623, 1038]
startIndex:0
endIndex:20
seed:19
Accuracy:
92.6070038911
Sets of size k:
[1861, 1014, 1314, 799, 605, 1501, 1181, 797, 1635, 947, 1789, 1847, 874, 58, 1281, 1307, 193, 357, 1326, 456, 1529, 1705, 1177, 1813, 634, 1406, 290, 433, 1524, 789, 1302, 1596, 378, 508, 1553, 1002, 1049, 1103, 1954, 104, 1936, 336, 468, 1443, 264, 610, 831, 432, 1489, 518, 556, 905, 1207, 779, 89, 1535, 1051, 446, 1990, 203, 97, 1176, 1866, 1225]
startIndex:0
endIndex:21
seed:20
Accuracy:
94.1634241245
Sets of size k:
[616, 1172, 741, 866, 1913, 1519, 920, 399, 1892, 286, 637, 875, 599, 840, 123, 273, 201, 1050, 1683, 1370, 1025, 1359, 796, 906, 1848, 1140, 1223, 1015, 1392, 620, 1217, 1805, 657, 129, 1870, 1412, 1808, 1644, 1030, 689, 976, 581, 1366, 1202, 1444, 1734, 785, 482, 1306, 1718, 642, 892, 1699, 164, 1007, 556, 78, 347, 903, 1200, 422, 743, 1021, 1858]
startIndex:0
endIndex:22
seed:22
Accuracy:
88.326848249
Sets of size k:
[852, 366, 1218, 1000, 1448, 1406, 337, 541, 681, 560, 1191, 1318, 1974, 1379, 349, 104, 1730, 53, 988, 1260, 1936, 1579, 1726, 1244, 1832, 563, 176, 963, 1713, 873, 700, 1916, 241, 368, 941, 917, 1987, 1972, 417, 825, 1274, 75, 317, 881, 771, 1247, 289, 351, 1992, 1641, 1615, 440, 813, 790, 672, 980, 1381, 170, 1049, 433, 376, 1481, 1213, 1518]
startIndex:0
endIndex:23
seed:9
Accuracy:
89.4941634241
Sets of size k:
[117, 1588, 1643, 763, 90, 70, 305, 1323, 122, 1728, 1284, 503, 1893, 635, 936, 1940, 1234, 1783, 680, 787, 1565, 1821, 922, 336, 401, 1085, 1797, 718, 735, 945, 33, 1835, 1831, 139, 195, 767, 1368, 777, 993, 1973, 1363, 1303, 1733, 293, 1228, 795, 1127, 1978, 194, 1706, 1072, 1456, 915, 1694, 188, 677, 162, 248, 417, 289, 1356, 1315, 1764, 927]
startIndex:0
endIndex:24
seed:6
Accuracy:
86.3813229572
Sets of size k:
[171, 136, 596, 1101, 1365, 524, 1167, 241, 1709, 236, 1655, 1770, 1444, 1380, 768, 1578, 1412, 1526, 340, 466, 756, 807, 72, 1516, 867, 675, 294, 42, 1974, 1565, 1836, 1672, 1998, 1633, 1916, 181, 120, 176, 702, 15, 1421, 1581, 1313, 1190, 1091, 1432, 384, 359, 1151, 1300, 1192, 1460, 1942, 1441, 41, 819, 888, 714, 1303, 127, 1893, 1436, 1098, 1741]
startIndex:0
endIndex:25
seed:1
Accuracy:
78.5992217899
*****Shift The Training Window*****
Re-training Days List:
[25]
Sets of size k:
[1538, 198, 928, 88, 74, 906, 1463, 1143, 1932, 467, 989, 892, 934, 1971, 1214, 337, 887, 910, 747, 1421, 1497, 756, 397, 1114, 1173, 630, 199, 1085, 1399, 1642, 584, 1874, 1508, 590, 1849, 1569, 1007, 1535, 1012, 1879, 1799, 2, 1848, 1819, 879, 1052, 1944, 1581, 611, 1190, 328, 948, 1606, 1648, 600, 1566, 18, 1, 714, 516, 1008, 571, 1533, 1212]
startIndex:26
endIndex:46
seed:35
Accuracy:
84.8249027237
*****Shift The Training Window*****
Re-training Days List:
[25, 46]
Sets of size k:
[758, 709, 1319, 1784, 1991, 1252, 1988, 1887, 1994, 1238, 1873, 566, 580, 1559, 448, 1244, 156, 190, 1743, 1464, 470, 1155, 187, 184, 1107, 468, 1980, 1802, 513, 630, 1894, 380, 390, 819, 804, 729, 1758, 1143, 719, 1076, 1439, 90, 1667, 385, 1256, 1105, 1346, 330, 672, 851, 1689, 1329, 1819, 872, 597, 1547, 1745, 1328, 1486, 1621, 699, 1176, 668, 309]
startIndex:47
endIndex:67
seed:52
Accuracy:
90.2723735409
Sets of size k:
[640, 1761, 749, 42, 1776, 995, 692, 1142, 1854, 1092, 1902, 1252, 649, 49, 1771, 1917, 1094, 871, 1323, 1828, 1448, 633, 78, 507, 1578, 1216, 1207, 492, 956, 339, 416, 32, 62, 984, 260, 609, 1316, 859, 111, 1593, 1256, 1010, 750, 818, 493, 1716, 866, 610, 1412, 1008, 387, 497, 1718, 1413, 1824, 1994, 8, 1855, 878, 1416, 1634, 1427, 765, 1851]
startIndex:47
endIndex:68
seed:60
Accuracy:
82.4902723735
*****Shift The Training Window*****
Re-training Days List:
[25, 46, 68]
Sets of size k:
[1861, 52, 831, 121, 1327, 1993, 1638, 271, 1471, 1796, 1603, 859, 1710, 1730, 823, 1114, 982, 237, 524, 484, 1254, 1516, 514, 1203, 1697, 769, 1834, 387, 1780, 1729, 1909, 1674, 1215, 971, 877, 102, 462, 1384, 330, 6, 960, 1542, 1608, 1053, 1641, 697, 795, 89, 1611, 790, 201, 1948, 899, 1423, 722, 739, 1063, 1133, 1510, 661, 358, 632, 792, 1529]
startIndex:69
endIndex:89
seed:81
Accuracy:
90.2723735409
Sets of size k:
[1607, 940, 1580, 1326, 887, 277, 218, 361, 1425, 709, 712, 1565, 1423, 1263, 970, 1174, 141, 1914, 1570, 1218, 1159, 333, 408, 229, 1752, 824, 1840, 1189, 1035, 225, 1748, 80, 1169, 389, 1957, 99, 1705, 1688, 396, 1214, 1612, 1110, 1793, 1322, 1828, 1959, 109, 1633, 505, 1505, 1806, 420, 1027, 1988, 1175, 1810, 1875, 1857, 1363, 1807, 172, 1176, 1519, 1301]
startIndex:69
endIndex:90
seed:71
Accuracy:
92.2178988327
Sets of size k:
[1840, 1219, 934, 406, 250, 477, 1693, 1907, 1893, 1340, 327, 347, 1677, 1164, 1823, 1348, 1586, 1611, 854, 748, 1785, 1313, 1146, 72, 129, 1755, 1367, 1009, 801, 529, 891, 1282, 1321, 689, 421, 261, 198, 1375, 65, 330, 1267, 1208, 895, 984, 105, 1432, 466, 1196, 1756, 1120, 1843, 1763, 639, 1509, 1294, 848, 1125, 1618, 276, 1772, 310, 1141, 200, 1805]
startIndex:69
endIndex:91
seed:91
Accuracy:
86.7704280156
Sets of size k:
[1567, 730, 1436, 545, 1613, 909, 519, 1685, 1221, 1920, 1137, 832, 1497, 307, 654, 764, 981, 1868, 688, 1421, 824, 1830, 1767, 1370, 1560, 399, 1698, 373, 67, 1239, 1091, 1743, 676, 907, 13, 124, 1602, 320, 1848, 414, 1414, 1936, 127, 805, 104, 182, 1688, 1880, 1527, 1701, 1973, 439, 1912, 1663, 1496, 271, 1211, 1550, 483, 602, 1184, 196, 1626, 1631]
startIndex:69
endIndex:92
seed:88
Accuracy:
92.6070038911
Sets of size k:
[1425, 614, 1201, 153, 1214, 967, 1998, 1624, 625, 1199, 405, 197, 589, 161, 694, 936, 1929, 1827, 568, 375, 279, 1542, 262, 1644, 1438, 219, 710, 1630, 27, 948, 414, 916, 630, 281, 1518, 1123, 558, 82, 1611, 354, 1613, 1758, 479, 1935, 48, 753, 1126, 846, 1447, 1319, 1099, 416, 1931, 1107, 292, 608, 1732, 1303, 642, 643, 1591, 1457, 1513, 1848]
startIndex:69
endIndex:93
seed:88
Accuracy:
86.3813229572
Sets of size k:
[1862, 1552, 665, 248, 627, 1875, 1946, 676, 456, 1796, 1501, 470, 255, 1846, 1849, 1948, 1100, 1307, 1334, 1564, 96, 1339, 12, 87, 1602, 1148, 1448, 1911, 1484, 111, 887, 892, 315, 625, 493, 430, 1174, 564, 1198, 1526, 593, 804, 994, 761, 1385, 533, 579, 429, 1165, 1181, 418, 398, 5, 1976, 539, 1276, 323, 1922, 209, 1672, 343, 419, 1005, 597]
startIndex:69
endIndex:94
seed:78
Accuracy:
95.719844358
Sets of size k:
[1797, 724, 1274, 322, 1327, 1820, 1838, 897, 1076, 123, 1382, 467, 797, 1987, 1845, 11, 409, 1595, 1930, 1019, 1231, 1672, 171, 200, 853, 1894, 80, 1297, 1120, 1199, 1263, 1762, 327, 452, 690, 79, 15, 1720, 1111, 1783, 232, 903, 785, 1667, 1401, 248, 1493, 1507, 831, 562, 1647, 1018, 219, 1119, 401, 1113, 1835, 148, 1147, 1983, 981, 1681, 1988, 1213]
startIndex:69
endIndex:95
seed:81
Accuracy:
87.1595330739
Sets of size k:
[1835, 815, 1190, 330, 1990, 828, 710, 1992, 1755, 345, 1691, 699, 1359, 696, 1252, 1428, 683, 472, 1433, 1406, 1375, 3, 22, 81, 396, 1925, 812, 1268, 1960, 794, 132, 500, 1566, 124, 798, 227, 1958, 1436, 398, 1276, 1491, 43, 376, 1747, 1639, 1913, 1099, 1102, 1878, 1633, 1410, 1466, 1144, 1008, 1608, 1977, 99, 1917, 1154, 898, 1108, 1656, 1149, 785]
startIndex:69
endIndex:96
seed:78
Accuracy:
84.4357976654
*****Shift The Training Window*****
Re-training Days List:
[25, 46, 68, 96]
Sets of size k:
[467, 728, 1673, 469, 201, 1853, 763, 305, 1231, 846, 1381, 872, 509, 1889, 418, 768, 1203, 1211, 944, 46, 477, 820, 1193, 1269, 679, 1960, 1236, 513, 1011, 188, 184, 1443, 492, 1764, 586, 1548, 402, 300, 199, 151, 735, 1234, 1656, 1272, 1078, 792, 396, 1777, 741, 1711, 534, 119, 974, 949, 1364, 1048, 1884, 407, 328, 752, 163, 360, 714, 588]
startIndex:97
endIndex:117
seed:115
Accuracy:
87.1595330739
Sets of size k:
[358, 486, 1083, 895, 504, 864, 357, 980, 129, 813, 1556, 1903, 653, 1743, 1290, 247, 1587, 264, 1473, 1644, 523, 1270, 683, 1159, 1514, 1848, 1629, 1463, 634, 703, 455, 162, 1361, 1327, 1274, 80, 385, 679, 1131, 979, 656, 530, 1107, 861, 1813, 62, 609, 124, 1974, 780, 1302, 919, 1196, 667, 1461, 219, 1002, 888, 613, 715, 1704, 1054, 1150, 1068]
startIndex:97
endIndex:118
seed:115
Accuracy:
82.4902723735
*****Shift The Training Window*****
Re-training Days List:
[25, 46, 68, 96, 118]
Sets of size k:
[1482, 1991, 1831, 695, 1353, 1861, 1151, 913, 1045, 1021, 484, 840, 1664, 811, 1850, 1463, 362, 1614, 206, 163, 1557, 1498, 1144, 1120, 1768, 66, 1325, 1967, 384, 999, 1609, 670, 127, 1184, 1947, 1455, 939, 1693, 816, 971, 1460, 295, 207, 1488, 894, 1591, 708, 1322, 350, 1177, 996, 1763, 692, 677, 578, 989, 1784, 949, 1997, 936, 738, 1106, 28, 1532]
startIndex:119
endIndex:139
seed:130
Accuracy:
91.8287937743
Sets of size k:
[1123, 742, 284, 1043, 1027, 671, 197, 1269, 880, 477, 463, 1619, 1196, 156, 772, 260, 1268, 1302, 1462, 642, 1763, 1489, 1082, 1102, 972, 1388, 1344, 952, 334, 1056, 918, 155, 1775, 252, 1641, 1154, 1688, 381, 1974, 1660, 1465, 902, 796, 1044, 486, 1162, 1749, 131, 1858, 891, 1390, 1242, 25, 179, 291, 1677, 626, 74, 1274, 1599, 1671, 368, 872, 903]
startIndex:119
endIndex:140
seed:119
Accuracy:
84.046692607
*****Shift The Training Window*****
Re-training Days List:
[25, 46, 68, 96, 118, 140]
Sets of size k:
[186, 1882, 1533, 592, 442, 79, 167, 1598, 109, 1142, 1596, 843, 566, 762, 1587, 583, 361, 1683, 819, 123, 278, 490, 1231, 284, 1843, 792, 1104, 1446, 1570, 1780, 414, 1886, 1650, 228, 100, 1811, 1853, 1814, 1356, 783, 1311, 1616, 399, 1337, 665, 883, 514, 1940, 1963, 19, 1282, 139, 1134, 1228, 930, 1610, 1633, 1229, 1183, 1608, 585, 11, 859, 944]
startIndex:141
endIndex:161
seed:142
Accuracy:
89.4941634241
Sets of size k:
[1902, 680, 1051, 11, 690, 5, 1208, 720, 1007, 95, 877, 1477, 996, 1805, 20, 1087, 175, 1351, 863, 450, 397, 1338, 1951, 1573, 1788, 162, 497, 1315, 1589, 596, 220, 337, 344, 1467, 1992, 974, 1277, 1413, 88, 859, 685, 1418, 1449, 1425, 598, 1415, 525, 635, 1740, 492, 1100, 347, 559, 1836, 1742, 163, 1606, 834, 319, 1060, 1465, 286, 1158, 1396]
startIndex:141
endIndex:162
seed:156
Accuracy:
93.7743190661
Sets of size k:
[631, 91, 342, 431, 1613, 678, 1094, 992, 1506, 577, 864, 1394, 225, 1128, 1028, 1757, 659, 174, 625, 574, 1145, 722, 435, 1836, 1554, 371, 921, 746, 1798, 1175, 680, 475, 1027, 656, 696, 1642, 1879, 528, 771, 98, 782, 118, 352, 1976, 618, 1551, 1671, 29, 1568, 1676, 1602, 752, 1475, 1509, 883, 1725, 1263, 803, 1989, 1422, 706, 1595, 305, 1467]
startIndex:141
endIndex:163
seed:141
Accuracy:
89.8832684825
Sets of size k:
[1288, 1221, 1518, 1856, 1287, 857, 1474, 1178, 1027, 1439, 1092, 891, 57, 1108, 1319, 475, 88, 1264, 1547, 643, 1752, 972, 789, 1501, 1917, 1722, 497, 1132, 1533, 852, 1574, 795, 327, 280, 1957, 519, 826, 953, 72, 69, 5, 924, 1266, 1709, 1204, 1988, 1763, 444, 959, 522, 1327, 536, 1352, 1636, 1713, 1353, 1517, 1126, 321, 772, 1936, 1013, 1584, 1504]
startIndex:141
endIndex:164
seed:153
Accuracy:
87.5486381323
Sets of size k:
[209, 152, 1322, 74, 1045, 1199, 1059, 1597, 886, 1934, 1535, 788, 1377, 500, 80, 1478, 853, 809, 338, 1359, 647, 1520, 1670, 163, 459, 841, 821, 982, 1680, 1074, 1548, 1978, 339, 1526, 859, 955, 1168, 702, 309, 1866, 1862, 1790, 483, 622, 394, 1708, 703, 1097, 1895, 1987, 1935, 362, 1658, 1991, 980, 1460, 1212, 962, 892, 862, 749, 1398, 1528, 1001]
startIndex:141
endIndex:165
seed:154
Accuracy:
89.8832684825
Sets of size k:
[448, 410, 1261, 1997, 114, 1224, 40, 1363, 64, 135, 1155, 1189, 1398, 1804, 1998, 1033, 1328, 285, 1512, 128, 557, 1123, 740, 1612, 390, 123, 1315, 1089, 1256, 94, 472, 1607, 768, 1635, 1480, 238, 995, 1835, 1975, 212, 1455, 1392, 218, 405, 1318, 603, 863, 142, 163, 1144, 1816, 1808, 23, 404, 617, 1519, 651, 1690, 133, 96, 1425, 1474, 1867, 1549]
startIndex:141
endIndex:166
seed:150
Accuracy:
85.9922178988
Average Re-training Time Period for Model1:
23
